Temp_Desig,Score,R.A.,Decl.,V,Updated,NObs,Arc,H,Not_Seen_dys,TransitDiff,removed,Uncertainty
P21FwvF,75,14.0593,20.9492,18.6,May 22.12 UT,29,3.79,27.6,0.073,1.6494368788686646,0,2.0
P21Fx9w,96,14.2964,-18.8324,21.2,May 21.22 UT,18,2.86,19.9,0.968,1.8865368788686645,0,6.0
C983ZQ2,74,14.3603,18.4026,20.6,May 22.14 UT,20,1.83,26.4,0.054,1.9504368788686648,0,3.0
P21Fy40,86,14.6862,39.962,19.4,May 22.17 UT,23,0.74,25.9,0.016,2.2763368788686638,0,1.0
P21Fxaz,74,14.8338,-21.3018,21.5,May 21.07 UT,6,2.69,19.5,1.133,2.4239368788686644,0,121.0
C98AC92,98,15.0314,7.2606,20.8,May 21.93 UT,14,0.57,26.1,0.279,2.621536878868664,0,12.0
P11Fyoj,81,15.2695,-0.9053,21.1,May 21.96 UT,7,0.52,23.4,0.235,2.859636878868665,0,3.0
P21Fype,96,15.6856,27.9385,20.1,May 22.16 UT,13,0.68,25.6,0.025,3.275736878868665,0,2.0
C984CM2,72,15.786,3.5423,20.4,May 22.06 UT,31,1.68,27.2,0.132,3.376136878868664,0,2.0
xkos319,10,15.8329,-18.4734,19.7,May 21.85 UT,10,0.82,15.7,0.356,3.4230368788686647,Score,12.0
xkos318,91,15.8822,-14.5664,19.8,May 21.89 UT,17,0.85,24.9,0.32,3.4723368788686635,0,7.0
C98AU52,100,15.9307,4.2958,21.0,May 22.05 UT,12,0.67,25.7,0.147,3.520836878868664,0,7.0
P21Fz0L,98,16.5151,27.9872,20.6,May 22.08 UT,8,0.54,27.8,0.118,4.105236878868665,0,23.0
P21Fz0K,100,16.9469,35.0864,21.5,May 22.09 UT,7,0.55,23.1,0.102,4.537036878868664,0,22.0
C984PL2,79,17.6557,22.2128,20.3,May 22.10 UT,27,1.63,24.5,0.092,5.245836878868664,0,2.0
ZTs0099,91,17.8829,30.7151,18.9,May 22.12 UT,33,0.71,25.1,0.081,5.473036878868664,0,2.0
